52
52
44
45
60
50
58
53
51
46
49
57
56
55
49
46
59
58
51
58
54
49
51
49
51
45
40
47
41
51
57
50
32
28
28
28
29
28
27
27
43
31
27
42
29
27
27
32
33
28
44
30
27
37
29
27
37
28
31
31
30
28
25
40
44
43
40
38
36
33
32
30
29
28
26
25
24
24
23
22
21
20
19
18
18
18
16
16
15
15
13
15
14
13
12
12
12
12
11
11
11
11
11
11
25
37
42
42
41
43
46
52
49
45
44
43
50
42
50
46
46
45
48
43
44
45
49
44
41
48
45
47
51
49
46
43
44
46
44
51
47
56
53
51
47
46
44
47
57
55
50
44
44
46
47
56
54
48
45
47
48
49
48
44
43
32
39
40
40
39
38
34
29
27
28
33
30
27
32
31
27
32
29
26
32
29
26
34
28
34
33
27
43
30
27
42
29
27
42
29
27
42
29
27
36
28
26
32
27
26
33
27
31
31
27
37
30
27
40
29
26
41
28
26
38
28
26
35
27
26
33
27
26
31
27
42
27
26
32
27
33
29
27
42
28
26
38
27
26
32
28
38
28
26
39
27
26
34
27
26
31
39
45
44
47
49
53
49
45
50